Webots Project File version R2021b
perspectives: 000000ff00000000fd0000000300000000000001e9000003cffc0100000002fb0000001a0044006f00630075006d0065006e0074006100740069006f006e0000000000ffffffff0000000000000000fb0000001e00480074006d006c0052006f0062006f007400570069006e0064006f00770000000000000001e90000005400ffffff000000010000041e000002edfc0200000001fb0000001400540065007800740045006400690074006f00720100000016000002ed0000009d00ffffff0000000300000780000000dcfc0100000002fb0000000e0043006f006e0073006f006c006501000001f800000d080000000000000000fb0000001a0043006f006e0073006f006c00650041006c006c0041006c006c0100000000000007800000005400ffffff0000035c000002ed00000001000000020000000100000008fc00000000
simulationViewPerspectives: 000000ff0000000100000002000001180000023b0100000006010000000100
sceneTreePerspectives: 000000ff0000000100000002000000c0000001250100000006010000000200
maximizedDockId: -1
centralWidgetVisible: 1
orthographicViewHeight: 1
textFiles: 2 "controllers/epuck_python/mlp.py" "controllers/epuck_python - CW/epuck_python - CW.py" "controllers/supervisorGA - CW/supervisorGA - CW.py" "controllers/supervisorGA - CW/ga - CW.py"
consoles: Console:All:All
renderingDevicePerspectives: Supervisor:display;1;0.213333;0;0.0330882
renderingDevicePerspectives: e-puck:camera;1;1;0;0
